8319
8431
8666
7727
665
3205
4330
7241
6653
4714
7397
5154
4246
6933
8263
6500
5148
182
93
1408
8985
7614
6215
9013
7290
7144
6766
9623
5105
4725
5530
6066
8056
6456
3697
9579
4040
8788
49
3643
822
1166
1646
7589
4898
4272
9278
8397
62
2371
5294
4108
5666
7097
4566
8653
7751
3070
8273
5926
4353
8412
2791
5756
9581
779
9392
6546
8696
9798
5801
9249
6952
6551
1213
5459
6433
2030
6853
6404
1319
96
7321
9356
8731
400
684
5377
4996
5940
6669
3823
14
7613
8159
7300
5153
9068
1221
558
6006
7995
8615
476
6670
4473
1869
6999
6870
4294
1126
2356
5614
5769
8758
8536
4385
5908
4947
4605
8173
2003
4740
3920
5123
4050
8126
145
1582
6976
649
5450
1454
2205
5291
3259
8268
9781
7160
4065
695
5012
8272
8466
788
820
901
6589
4463
1016
7683
7525
3828
3959
4365
5905
9806
5732
1613
4780
2264
3099
243
4214
6320
8103
6643
3752
986
6284
3411
6162
3216
9711
3064
1870
1181
829
5852
6625
8433
2094
3756
1830
9006
4423
9210
1070
2436
7588
4758
7892
2407
1458
7123
762
7039
8694
2369
1632
2373
2326
9882
1149
2845
2623
317
6303
95
2705
8334
6740
442
3763
7473
6715
7195
582
4483
5103
27
2053
7235
540
2107
3824
308
9365
9172
5404
4061
6225
5431
2909
210
8718
8475
5178
4909
6619
3145
4897
8949
9807
511
2538
9032
9795
2383
6777
1879
9451
4990
8059
4228
6389
1685
1858
161
3048
5288
1473
8280
7380
2963
9900
5082
6157
2628
3864
5505
2203
3967
604
2684
8260
9259
2578
4538
1720
6453
2854
7915
8805
8930
6911
5837
6002
3134
108
7091
2127
8801
8943
3251
8535
651
5858
2733
8550
1291
5780
3401
5872
3487
4046
6214
7327
4510
9942
817
9990
4894
6004
1128
637
1694
9779
2324
2683
6835
4938
1818
9354
3101
6522
6567
3448
2402
1601
1585
7315
3283
6357
7666
1381
2668
5054
9604
433
5739
8217
2484
734
7002
6150
5299
3865
3491
2725
6323
8095
2818
8031
7363
8323
902
6375
1950
7222
3389
7717
1336
8184
3008
5016
40
2632
8941
6817
2140
6918
2787
7230
4293
4552
2153
3356
5403
9178
5870
4292
571
4474
1848
3017
4056
7950
480
4691
5851
7690
8463
4669
9513
2577
1418
9282
1570
1258
8529
832
9370
909
1807
8454
1369
3405
9940
7729
3305
3399
404
9238
247
2194
7353
6721
7753
5776
3527
5300
8883
2211
2976
9757
7383
9286
5589
7020
1793
1564
8183
3227
97
4262
6711
2794
2014
1362
8892
5873
6972
9514
9780
3545
9660
6388
6328
5627
3740
9134
3805
9420
613
2238
2736
7909
4954
3034
137
2678
6445
6780
2330
9091
6429
2148
4192
3437
8287
9848
3855
9037
8332
8476
8188
5653
5997
2473
2157
3745
7110
3391
8679
9016
5393
6773
1645
7303
6045
6759
8724
3790
2307
8221
2219
866
1648
7115
6224
3107
6873
3376
1348
2800
9373
8797
9694
2915
1048
3569
8969
2555
7996
1197
2719
4676
3028
8364
4468
3359
7845
1136
3337
6594
214
7692
9127
5539
6836
5408
4556
9479
9783
6934
5576
6662
573
41
5691
2275
8579
7615
9881
5594
304
356
8344
2738
7105
5878
7174
9487
710
6070
3690
1605
9224
6977
1000
9450
7310
9503
9089
2170
4893
5639
5388
4367
1622
1931
3489
5254
7120
4004
9469
623
4137
4077
2430
3147
9950
7789
2117
3167
2168
5151
8636
9205
9265
5193
719
2720
2352
6195
2980
4253
7665
509
5320
7810
7326
9524
505
2150
3654
2675
9966
645
2141
9443
6067
841
2269
2842
2197
6352
1391
3208
8961
4161
9723
2565
1116
6794
1630
9683
8395
3735
2273
9564
2046
9983
5764
272
5079
3860
3956
3116
5755
3684
5648
7170
2620
8933
8130
5402
2139
7079
8688
8424
961
1751
107
4382
5676
9773
5642
2414
4022
1957
3477
3862
8180
7074
6402
3345
4332
9946
3976
8171
1682
1176
8135
2761
1796
59
2590
6633
1675
7486
3184
2992
147
9104
9462
3418
5890
6207
1322
7127
9394
465
1961
8248
8795
9965
2760
8040
4982
6624
102
9432
2128
7405
9197
2646
1245
1282
8140
2056
2256
7138
2617
7723
8169
5696
2929
1200
9538
7527
7262
5273
1756
8286
9802
9268
6414
9750
7914
1494
7409
4418
5384
5975
2966
2801
7822
9527
9984
9058
1244
9543
2501
1349
4661
3234
3139
8893
9883
7292
9184
2360
1236
1205
5040
2666
791
9516
4688
4345
6566
9233
6230
5000
9908
4183
9409
5588
5799
190
8384
7981
4642
620
1930
634
1402
7567
1568
9539
6078
6850
388
1944
3588
9214
2723
8697
514
8464
1085
5843
3317
1071
2319
4786
6655
3344
1344
2062
8544
3019
5176
3033
395
3421
4377
7903
6099
7185
7412
3291
1279
7081
8330
5628
7672
4456
4399
7735
75
4832
3267
4072
5869
8867
9692
6987
8992
4657
9102
9742
1335
4325
5289
4069
5761
6963
1773
7095
103
8375
174
5560
6649
1832
3647
6735
1064
5285
9967
2126
1925
8950
4576
7218
9151
4733
8569
3741
5635
4868
2707
5400
9499
163
4128
35
9107
5617
8540
5998
6270
1790
3096
8292
5824
5422
8835
3053
20
1216
6621
7165
328
5534
6584
4794
2322
4252
4380
4146
8108
9139
6236
562
5364
5319
3426
8045
2020
8999
9944
7255
5810
6435
8778
3796
7747
3452
4992
2767
896
9078
2727
3907
2567
3210
7642
9640
6865
7254
7092
8616
8363
952
334
1383
7673
4522
2388
1616
6089
5457
6603
3026
8026
6575
886
3682
3463
8270
1854
8501
6663
6018
5011
6809
5329
5891
9624
4308
7181
7394
6984
7448
6009
9367
8585
1098
8873
4988
1921
4759
8296
4824
3173
6631
2927
192
4795
3610
2424
3830
3369
1783
6469
124
5199
9630
4892
3621
3685
1345
4115
8199
7980
2292
3602
7781
8831
1229
9989
7975
3774
4450
6206
3333
135
6124
7925
2334
5825
1772
1986
3772
8793
5472
150
7311
7827
9181
5509
8255
5214
3440
3583
8265
9474
9845
504
8483
8317
7570
9355
24
6739
1949
6142
7283
7152
804
9073
3257
7130
3047
7150
7344
8277
4814
3196
1099
2218
9839
460
7755
2297
6993
3000
4313
9477
4212
786
3808
3607
8244
4563
7851
6581
7879
2389
9463
495
8253
5760
5741
9045
1395
8838
6634
8774
52
4225
8683
9177
1089
869
5122
2250
165
1892
142
7748
3059
8451
3136
6713
8750
1111
4629
9292
9398
7065
8037
3812
369
6463
6687
394
2526
6989
3935
9830
9821
7762
8571
9248
3240
8865
1009
4389
177
8312
3433
1437
6177
2681
749
8671
917
8576
8644
5354
5827
5673
5514
8518
1563
8421
5102
6767
7149
1249
3997
4512
9408
5742
6134
3068
2865
3995
6515
4570
6527
8308
7209
8710
9327
7832
352
1508
6226
9693
8156
1219
4800
9645
2570
5881
91
2598
2923
3330
4919
3736
3108
6363
5066
7088
5121
3853
6517
1598
7968
2978
239
827
7817
7918
1693
6437
370
6367
5549
8090
6955
3469
575
7509
1732
9815
5156
7423
2438
7930
1090
3619
8453
2314
7636
7971
3110
9105
9336
5424
1627
1035
1094
7467
4916
7451
5590
9678
2083
9100
8489
5544
2571
6232
4951
1637
3973
6015
6726
1975
3464
9672
9812
3716
8316
5253
2556
9430
483
8290
6542
3501
733
9609
6854
7137
3492
8426
936
5129
9301
437
231
8600
6151
2805
6159
2154
3308
7249
3825
4723
6666
81
9684
7445
6277
5266
9442
2852
9751
2959
5037
2329
4529
4421
3158
8923
7640
4999
6758
7954
4375
9886
891
8877
1916
5221
4492
6229
4440
9461
5233
7788
5524
6760
5699
4767
1527
8552
6022
4194
440
4835
7898
3439
3821
851
3673
5015
2476
2376
8500
9271
6532
2472
1134
1131
9607
8099
7711
8212
3941
2442
5754
3849
2872
8193
7267
5969
9938
9003
4152
941
4508
4470
4888
6790
3289
4320
6690
7857
2726
5047
4357
7295
9024
1026
7800
6026
4189
9682
1621
9707
9440
5385
7414
6101
1884
8936
1940
6106
2674
9206
4145
9610
9433
1120
1624
258
6260
7877
7029
2080
6136
8070
7545
5613
254
2121
7153
7500
9518
5784
8562
5849
5771
9459
3848
2557
3495
3704
8497
5269
4234
8362
5348
2753
666
4266
1013
2685
5224
9147
4085
6986
7477
5466
9245
2525
1029
7028
9953
7830
7492
2822
9167
652
7766
4841
3115
5542
98
2267
5946
5717
1586
5685
6587
7008
726
4276
6213
7236
5334
7439
2090
7524
1154
755
2345
2724
3932
8635
6239
3335
5883
3318
3512
2550
466
4700
7016
2357
7696
234
2933
8408
5430
6288
5572
967
1577
5368
9962
9253
9285
3587
8353
1095
3192
930
8987
1829
6929
8947
9891
7656
8440
8784
9077
3521
6144
5697
7060
3629
5108
5397
4420
2829
2511
9287
3940
2996
3827
3804
996
1461
7378
9602
1080
215
5308
1554
8376
7742
4177
4258
9148
4117
1642
4816
2586
5663
3888
2485
1805
6092
6383
8406
5092
542
175
1910
7854
605
1171
153
8386
53
7593
577
9657
7871
9460
9589
556
9654
6072
7280
251
5418
5471
2695
4622
6534
7686
8675
1617
6351
7073
8068
9998
8429
9261
7390
3958
1526
197
4419
7979
7018
1581
348
3702
5263
7865
3575
1514
1676
3699
7009
6062
6995
9927
9691
1165
9464
3154
1557
396
7926
2645
5238
9935
446
6701
7587
3531
4166
6315
7052
4148
8066
2207
6961
4051
8144
5540
9099
8367
5918
8963
606
275
8955
1432
3282
6954
7955
3441
2969
7351
2833
745
1047
7784
373
3404
1254
2288
4210
6481
7374
9643
3738
7015
106
8087
8467
3635
8321
1276
5968
6077
1536
8452
9612
6897
3718
677
1476
8557
4899
4396
2828
5347
8307
7082
5089
186
859
8024
4231
2866
629
8534
2159
1214
7329
2247
4112
6329
8036
7470
9970
4586
1143
5013
8968
7652
9641
1620
8726
8578
2910
245
3646
3963
9437
1778
2240
7090
8081
2606
2688
9488
9571
8299
4015
7675
8030
9905
9011
5469
9631
8669
4224
6362
1464
5244
8634
1548
6627
621
8891
5261
7175
8473
5854
1640
9550
5111
6349
5787
954
5841
2189
7035
393
2166
3590
7688
8083
8488
82
3578
2400
9218
7959
8436
6919
8885
9586
4718
8153
877
2266
9448
8407
5086
3834
4715
7270
6024
4223
2005
4574
9120
8548
3982
2220
4659
389
5038
5564
7356
32
4095
4163
9465
1020
207
9194
1195
671
1455
5990
6857
6254
6163
5828
2604
1700
4745
276
6044
112
8025
316
5577
8772
5935
2029
1776
455
6476
1448
1478
6465
6539
350
8851
4743
5134
9745
3838
3985
4013
9625
6087
1528
9069
1980
5768
3151
1239
7771
8875
8409
4416
798
6050
2521
4323
7655
3886
2359
6525
2204
5702
6784
1389
7967
6120
87
6110
7916
4263
337
8630
9324
9974
6344
1193
3069
3613
7929
4623
1211
6417
4398
8258
1329
1717
9963
844
7536
4873
4921
1096
6665
4309
9721
9677
7922
1788
321
126
5022
149
1041
7841
2343
4073
5212
7754
2748
4641
4978
2089
8567
847
7248
5949
7853
5215
4846
5060
1350
4064
5915
5398
8114
3563
5052
3706
167
3870
1333
7116
7188
1401
194
4087
100
5166
8787
2949
6541
9273
8182
3638
6105
2498
5454
5310
3381
5181
5874
7232
6380
9156
5507
4788
8324
4372
9818
1955
7307
3374
9803
4689
664
9125
2529
703
3700
8953
8322
6205
6366
1589
3032
1054
3601
9375
2870
428
7452
7987
3541
5785
7413
9988
4491
2432
2595
4704
3871
2812
8084
1148
8706
1135
3933
2689
5599
2843
8041
6925
1313
9034
4878
795
7288
8739
7826
7653
5815
1827
9690
9574
3159
641
1277
6502
7278
6887
4374
7952
4949
8618
8897
7678
7878
2582
3066
2920
6923
9997
3247
2351
8226
6040
7821
2751
9763
9955
1981
4550
3674
5981
3970
3058
2259
7772
5913
9221
549
200
1665
3243
3390
9551
8152
6443
1051
6916
6345
729
5183
9622
7357
8880
3689
6327
6648
1097
6526
959
3297
1001
8437
4882
8208
9424
9155
7597
4360
5063
2639
8610
3237
470
39
2527
4359
3965
913
4724
3582
4070
9132
6364
3705
1311
7913
6314
2381
3021
285
7537
5587
7034
8894
969
484
1256
2788
6361
845
3899
9293
3866
9748
6395
9022
9545
1377
7837
7187
1651
8647
198
6676
6341
7443
111
610
1840
4612
609
7121
7558
4333
3162
4094
7639
6728
6700
6188
2907
9668
4298
1652
2235
1265
2896
5335
810
6959
8714
1034
3072
1631
2517
5674
67
7219
9701
7142
5750
8459
3242
9515
418
9568
6604
5496
368
7736
9617
2765
2284
9
5124
7341
2967
1503
1346
2078
5117
5615
43
4434
1150
1509
8315
4403
1305
9679
6505
2698
2798
5231
3363
7603
7783
9138
4236
7792
586
8443
1187
1905
2541
4402
2768
3760
7204
5996
1789
3539
5264
9002
1133
8895
4844
409
1739
723
7775
260
1525
4011
9219
3393
1363
4341
5271
2807
158
9227
3788
7167
4755
2642
8246
5027
3031
166
5992
2584
1668
1674
5591
2454
2224
3006
7848
5525
3971
9343
1701
7389
1417
7706
653
8792
7205
1156
1547
26
3947
4048
4023
2778
8414
1306
9716
268
3641
3117
3397
6255
3589
7991
3375
6410
4134
2040
5715
3371
7725
3022
4102
1442
2295
3878
3009
2134
9947
4975
1164
4924
2494
4933
5130
3063
1911
3285
4857
143
6822
4711
3803
4749
2135
7669
2006
1835
6354
5439
1703
5896
1691
1327
9316
3365
1427
2201
8607
3665
4141
2985
5332
9122
4241
9925
1117
5460
9204
9706
890
1641
8980
6762
5543
4766
9088
3085
7564
1900
1092
5336
2817
8513
9109
3294
1206
4540
5355
4484
4544
3786
960
5220
8543
2433
7139
3739
3037
507
9570
2960
4221
5661
5812
7973
8942
7637
5553
910
9056
9904
133
2631
9106
742
8164
314
4075
648
5485
5706
2212
9894
9314
2808
5218
5028
382
3988
1902
5767
2775
363
8519
6442
3442
7468
7223
4481
805
7136
2561
1471
4618
3794
4079
7148
3968
3543
4855
3962
879
7794
6656
8690
857
718
4482
3445
1201
1636
6558
5184
8234
8160
1497
4692
4687
477
3481
9081
1351
4650
1210
3025
8915
9761
9330
5765
1922
1506
1028
7657
3776
1435
852
4821
1119
9765
7264
8711
4342
6291
2271
5379
5163
6272
4067
8871
6513
5618
4593
6795
7982
6533
8983
8201
2263
2542
8572
5763
9909
5920
4182
61
2316
4160
8637
9318
2017
2644
7369
2755
2044
1609
6902
9308
6702
6771
4412
7494
6335
985
1252
3634
1403
9359
4268
722
3288
2826
1225
937
6675
9855
7463
1169
2564
2497
1270
173
6117
4063
5945
18
9878
2744
4789
2151
7609
2605
9903
7128
284
1970
9222
5488
889
849
1937
1876
6554
1446
1428
7296
2868
4171
3992
3361
3422
141
1744
3698
550
85
8435
853
7350
8211
2085
12
6644
7908
3341
7998
1039
7427
9168
4199
5304
3438
771
3329
607
3079
3189
570
6544
241
4590
8852
3749
9051
6436
8399
6296
2393
8830
6828
3517
5729
6387
5612
7512
3286
7457
5323
1962
806
5937
6240
3614
6652
1893
8458
9280
9917
232
7062
9029
972
528
6027
9498
6908
1027
2495
667
8366
79
2138
9004
6434
2422
2988
3457
5381
3322
3771
1456
750
2349
9869
6979
9033
2048
3522
6620
9822
8379
6042
1592
7760
7743
4565
7867
1183
812
9357
6660
1918
4970
1222
336
9986
2664
5437
3649
4147
1487
4058
6800
875
9663
939
3625
3434
4082
4467
1106
4957
980
6297
8791
9794
9412
4344
2619
769
6820
9685
7014
2054
7592
8815
9217
3813
4815
1919
4024
9391
8796
7842
8479
9838
4941
7978
4401
30
6851
9741
5966
2131
6432
5866
7860
1562
790
1839
4654
1484
8773
8285
2665
6874
2306
977
2145
9667
757
6596
7429
7308
8643
6167
4865
5947
9865
2673
595
9976
7272
8361
9969
3301
3816
469
318
3822
4813
5363
8779
3002
2911
1988
5023
4995
557
280
5210
5772
631
8416
1730
1122
8984
2133
1091
155
1100
8662
6286
386
1440
1472
164
4466
7773
7616
2481
3024
3748
2982
8492
7716
6021
381
181
737
6710
3934
4126
7438
8979
1787
8974
2734
2551
4454
410
672
9758
9098
9731
3295
9856
9251
8472
8247
4797
134
2222
9152
7273
5423
597
1672
6903
5104
9961
6792
23
683
1594
1908
561
5200
658
2809
1901
2650
8242
1984
1088
1434
948
4036
9497
367
2041
3052
4150
3908
720
1072
44
8127
6779
7508
1005
2137
8116
9281
1534
6723
9277
6191
2741
6466
5902
3084
2034
9870
1871
3238
3479
5664
1725
1264
323
8120
878
7949
3268
6844
3219
524
9446
4829
1644
3793
8241
873
921
4696
9059
3548
7224
9232
8879
9762
8331
9304
5977
248
687
4845
8508
3807
9914
8021
4381
1539
3858
1227
9331
3253
8850
611
4257
1862
1082
7437
8876
1263
9934
6143
2710
4591
2696
9805
9875
8230
7579
6381
1942
4136
3402
1610
9577
7274
8209
7689
5831
8232
2745
785
5506
4520
3466
6642
7076
9598
9097
1607
8609
33
7823
230
4311
7129
8659
8676
8563
9930
398
3754
8091
7453
105
732
4523
8233
5463
8071
7339
2802
7618
37
8018
6799
6797
1429
6324
4859
9978
9306
162
7098
7318
4553
7808
5806
3494
4799
5671
3339
216
9264
7071
1238
7805
7466
6359
1419
8254
6487
8456
3403
4140
7625
6141
2659
7361
2715
1759
4879
7972
8333
5276
6171
698
3018
1297
8228
1180
7896
8958
3626
7472
8599
253
8058
4955
2944
8494
9732
472
3416
5055
2697
8622
4017
2546
6098
4324
6166
9658
5234
1172
4499
5440
2490
1184
9746
4708
3367
2770
8
2756
6839
8080
4592
8906
4802
580
2210
1769
8225
5312
9385
2893
4968
7176
5531
3732
6659
5722
6033
8564
4809
2063
565
6285
8351
1810
6833
7173
9615
8591
2067
5351
4729
669
9686
5317
730
9145
1649
9786
11
619
8832
5115
4307
2961
7102
6694
9203
8913
2282
903
4321
7359
6247
4431
7119
6579
5302
7667
5144
963
5655
7528
123
3789
8660
9305
9291
3979
2325
9230
3474
9560
7691
6920
9857
4587
6287
5500
9526
1337
7143
8911
6585
2766
1283
4339
2932
7343
54
6486
690
1220
2692
9910
7442
9929
4422
9666
5182
4119
9981
57
4760
3561
3035
4
907
5979
3446
2022
360
8769
4105
2091
1037
6756
6093
6565
5880
6
6636
2569
8354
7159
3503
6880
7479
6339
7513
2649
7026
7117
2559
1038
212
8338
9530
5766
8996
6632
1354
3459
2637
778
1822
1189
5748
3835
3078
1660
5791
9931
5861
2050
8668
4635
8776
1312
6028
8010
4475
8046
1366
6859
9715
602
7293
9653
5228
7602
1188
3170
6464
9775
359
2350
9619
8809
3124
536
7240
2243
4376
5330
3599
329
1724
8901
7388
5622
9114
9400
8645
4303
3174
8701
6276
1535
8798
7875
970
1153
8109
7649
5734
7591
2658
6868
4186
5239
8655
6279
8649
4604
4364
3734
2035
3385
1938
1006
2296
7724
8898
6484
532
281
9994
8329
1008
402
5057
686
9719
8561
3779
5003
6139
291
9661
8903
8097
6199
1292
461
1289
8237
9140
5829
2912
2563
5989
9868
70
608
6576
4091
9445
7899
4009
6869
7104
697
588
8661
9112
1815
1081
5495
384
5798
1042
4243
2425
7396
6757
9740
9323
6509
9510
9229
9353
497
770
4096
8202
5610
7633
8971
3791
9240
2095
4125
1697
3364
4003
3594
6283
1530
5569
8952
9621
3362
1785
9396
3532
8147
8721
8652
8370
6273
6262
4764
2680
9744
9736
6457
7658
7495
5817
6775
445
491
4144
3062
8522
3974
4603
1673
5019
1558
6210
7316
4269
3883
1139
7992
1321
5650
6007
4849
7911
1407
9705
8113
4006
8882
2036
9676
4429
7900
7786
1110
9843
1566
639
2594
4027
579
601
2515
612
9954
1413
5002
5258
8782
2740
4384
2109
835
3887
8888
4616
4445
3620
3746
4155
9345
459
9889
8587
7404
9647
2754
7498
5795
5923
5380
4295
5058
6647
1175
9712
3163
6823
1228
2033
9849
5938
1079
2676
792
2795
5097
5084
8626
3387
7924
7158
229
5321
7180
2392
7146
5021
8754
9820
131
4391
4926
8011
1754
4559
1470
1007
6537
1915
7157
8874
7234
4165
201
701
292
7806
9084
1757
6180
1486
8450
1355
2308
8032
6399
5796
1142
781
3919
193
9485
9595
1662
7491
5371
8461
3231
1936
5035
1269
9128
7021
5595
1003
6846
9252
4640
1729
90
1899
9975
1671
5036
4911
709
2076
661
5160
7342
9117
3444
8864
1504
3081
3519
9825
8959
7866
2759
9212
8699
6220
8427
7674
4447
8069
2585
2370
6569
6318
2629
2888
6267
3036
9344
1819
6326
8588
9185
2459
2898
7960
1973
522
7905
3581
9302
9213
2762
9239
1421
7831
6845
9594
8027
9698
7518
2475
2819
9161
2816
1309
8098
4575
8425
9426
2614
3090
5191
5014
3836
3929
1838
419
4597
3954
2470
9269
1615
8229
5568
8580
9116
3891
6951
3016
8523
8327
297
3336
249
1831
9416
7575
4317
978
1710
8842
1250
4130
6622
9842
5186
8826
4958
4775
8520
3202
9453
2104
8131
8921
151
2114
956
1287
2155
89
9418
4038
4487
2873
2186
3596
8391
9593
4690
7677
958
7313
914
7434
9572
9611
3544
2983
8491
3273
3199
8912
9366
2957
6116
7731
4717
2832
19
4964
8028
1004
5113
8586
616
6661
8352
3443
4354
6606
3384
6378
503
2471
9949
1775
7962
2640
818
6390
1049
9902
6337
8117
3458
1951
4890
8417
9920
5641
1463
1638
1130
7811
6807
3355
743
1361
2914
5910
1393
8318
4528
1443
6849
4989
9618
8951
9075
9791
8374
8177
8218
905
2074
168
4277
8398
5275
7728
6234
5142
6138
6496
9793
202
16
626
1650
3877
1628
6895
5242
3927
7937
264
2704
6129
6423
4972
1856
700
7872
9567
6892
9608
4619
2233
7780
7023
759
481
3799
7580
576
4756
15
6992
6394
940
1457
1406
6365
7206
355
533
3353
5698
9816
7889
7635
915
8003
4707
300
6962
1559
9007
2364
7880
7243
9601
6626
3472
5579
5159
8186
1396
7401
1438
8141
4986
8125
9968
4334
8732
8594
6810
9372
4546
6330
8062
831
6369
6928
3120
265
6813
1555
1271
7271
4207
2445
1826
8743
4519
5382
2358
4500
3723
4476
8530
3990
9639
7710
4810
209
1817
9759
7207
7122
6950
2480
4424
3819
4216
8423
5196
589
9322
6704
8213
6054
8154
3166
4651
416
1633
2573
4987
4479
7733
2496
3758
9887
5716
8023
6571
9386
8929
3989
6409
8702
1374
3535
4931
222
1173
7225
4021
746
559
4856
8997
2641
2167
4681
8198
8847
7471
2380
3082
3051
6459
217
1814
453
6311
1853
4549
427
1666
8729
1314
3203
982
694
9254
2499
1659
7887
1191
999
6280
1129
1894
5927
7402
8129
615
9749
7497
7938
444
1063
7087
7969
7520
8477
311
9364
5636
9311
7548
9126
5973
7053
981
3722
1531
8677
1386
4934
7578
8686
590
9600
1567
5090
9939
614
2610
1160
4747
8872
899
7365
1844
8574
3195
9834
2941
6825
9489
8385
1278
2998
516
1928
3707
8781
9977
5546
9714
4261
9175
971
2671
160
8964
9267
4545
3525
7372
5433
2177
599
5713
3931
7695
4093
1979
3320
702
5813
4122
3342
6932
6510
6184
9738
4016
1462
8712
926
7661
4628
4316
1811
9800
3809
735
4239
984
4275
9999
6968
1342
8000
6841
881
7687
2309
1310
4656
655
4190
51
1784
7302
2937
9086
9532
1966
8551
8390
4858
4716
322
3424
8203
4371
4349
3112
9924
8931
2450
6489
1688
4270
5538
1
7549
3900
4121
3388
2147
1500
9290
5328
7033
1425
2946
1138
485
2502
3213
3556
7431
6761
864
1994
7936
7546
9810
7553
2732
9431
4667
2758
4638
8905
9025
8806
4966
3281
72
5637
486
6084
526
407
9926
7305
6073
874
8881
475
3224
768
6714
5597
1280
646
1543
3859
1196
4541
3642
341
6161
3217
7227
8691
2856
3129
9296
2810
4314
5986
4805
6263
1786
3996
3608
502
7785
2382
3172
4498
8744
9174
220
1409
5582
2506
9669
5387
1067
1836
5056
7064
1394
6789
3293
7740
7047
4282
6819
2777
6447
8613
6926
3340
3215
1296
9395
9720
6156
8257
5007
8824
7933
3029
5201
0
6292
1376
5446
4774
5605
9739
7560
811
2984
1468
9556
3431
9872
320
506
9495
918
4927
1897
2883
1412
9884
22
1124
5005
1681
3777
739
2408
5018
7312
2467
1024
6103
1781
2492
9680
6174
5598
4680
5721
662
2547
6924
7861
3209
4820
3130
5297
6528
4188
2015
9733
9361
9665
9760
8235
2124
4728
5708
7901
715
8170
3309
8178
5414
310
3007
9764
8917
38
1791
8657
6545
517
1485
8297
56
9466
2440
7869
2367
5417
2953
8448
7432
2804
782
6242
9454
7194
4409
1795
4839
7698
9629
2125
2464
9851
8525
6618
9897
1890
8373
375
1385
5839
1752
3206
1696
2971
880
6549
3817
7056
8559
6185
8684
3252
4110
8818
4465
6085
4770
7662
7268
8487
6646
9836
7596
7275
4080
8646
9670
2229
2554
8803
7807
9996
3128
4843
3861
928
2977
4727
7999
9352
3274
4109
8048
3049
7124
2129
5536
6658
9919
5638
3768
3165
92
8924
8347
912
5026
6198
8349
1370
4247
9019
4876
744
6407
3083
8020
9070
736
1708
2391
289
7003
1588
3039
5773
5041
9179
1982
8293
1680
6562
441
4281
342
8682
7040
2179
1733
3550
1865
438
7101
1800
3909
1295
876
9554
5807
8300
8593
6768
973
1803
8810
8181
9010
6572
3664
5484
2255
5528
401
9576
7352
8495
8014
3239
6358
9553
4672
488
3572
6518
4874
4336
2993
8845
6519
1299
4327
5119
2097
8978
270
6194
421
4971
6374
764
4822
9023
3045
2261
4543
1924
784
7539
5712
7684
6313
8325
7000
1015
9020
9057
2342
2934
618
8309
354
1198
7522
8161
7624
510
36
5050
8455
1075
9333
2346
6208
6774
8400
6197
2919
7622
8357
5043
3338
8728
4218
6499
2043
7884
5292
8007
823
6003
496
8991
2811
6175
6746
979
7767
365
617
8430
2163
1513
9792
3432
3412
7738
4607
4350
6529
5136
2426
2820
6915
6555
4287
1763
539
2522
9363
8441
6680
8629
286
8927
7202
5044
7360
8866
2583
706
1572
5392
6570
3080
4614
1993
1416
6724
3666
6154
5378
5493
3284
8240
8078
569
2434
867
1045
758
7594
8763
9768
4571
4639
9662
7994
3334
4355
8521
55
4319
4343
4255
4801
3056
3328
5692
9288
5277
3980
2226
2848
2858
6470
8053
7693
1516
2418
1545
3841
8720
9724
9456
3730
6065
8105
1721
7953
799
1103
4358
922
7986
4030
6385
8899
6031
1300
7169
3175
9066
3645
8617
1303
2851
8977
6894
7796
6181
6393
349
1304
2621
624
4034
9923
8341
3181
1272
3628
4427
7870
2853
9192
2096
7820
2417
1812
2493
6696
9729
6115
8006
1019
1958
9582
6235
2783
4250
501
9535
1231
1343
3493
9511
7253
9201
9079
5781
8089
3506
7080
7606
1953
911
4443
9346
3526
893
4113
2722
9957
2055
8648
520
172
5892
1215
9644
9879
5911
5513
8401
9490
8303
8658
2115
8172
6245
9603
9708
8741
518
858
3315
9565
2703
1490
5522
6637
525
4092
4088
6531
6697
1590
7541
8284
8735
2401
8204
4432
8110
7715
2237
555
809
8102
5585
1971
5189
3644
1833
8827
6884
721
5631
4930
3067
8890
1033
581
7285
1209
6052
9730
3766
5537
6684
2119
9237
412
2217
6401
6651
366
3885
3882
2509
9895
7338
8614
1107
7763
9130
5952
3360
9688
9043
2331
2303
8672
7244
362
3436
3200
9756
5532
4184
9226
3074
8849
1561
5521
4012
6698
2981
1112
8139
4769
3279
6048
8804
1960
8471
2562
6553
7221
2874
9295
5779
8602
6811
8990
4071
7485
2278
7749
9108
4668
688
9455
3753
3038
5665
9015
219
3245
9829
7720
5356
2711
6227
692
6611
1512
5008
8708
1553
9481
2164
3695
2706
6398
187
3784
2122
8678
6148
6667
5731
3952
3470
7286
9542
3744
4392
7752
2042
6008
3263
3975
3010
9837
7488
1378
1357
7815
3801
9876
1061
2918
269
1569
9864
5331
838
4536
8918
5033
4734
7162
6753
8575
1384
1482
8605
4583
6613
2655
1719
9115
8799
3523
452
2428
8719
6178
5252
4502
9143
7436
6982
4754
31
3430
5456
3143
7163
7069
9776
2448
6010
9633
3686
80
7813
2084
8904
4779
2654
5491
2699
7263
4771
2572
7961
9211
6750
8783
543
136
9169
7242
663
8628
1611
9171
9234
752
1948
964
3138
2312
213
8392
8814
2260
2638
8722
8624
2192
8337
385
3875
3901
9880
4521
7629
9160
807
4254
5314
7032
4939
2396
1608
487
2633
8355
4660
4554
5373
140
3140
5213
1159
1612
9813
5654
6127
2667
6301
2729
86
8121
9289
6673
9342
8507
9599
5346
4059
4078
3149
1141
8123
7454
819
4852
413
6540
2504
4304
2242
946
863
5173
5006
2299
5042
8565
8854
9260
6113
924
9313
1886
8250
1356
3762
2821
6858
704
9159
9809
5106
4918
3584
2657
8601
6796
5361
5497
6608
9985
4573
5724
3659
7542
2146
424
8239
761
9080
8034
2181
4823
4486
5571
2950
8444
2061
4826
2602
8869
2850
6217
8134
7424
4301
8271
7147
1308
154
9235
5158
7070
116
9827
6248
3266
2712
9449
1127
4245
2986
4511
5853
3912
7126
1224
7883
3605
766
6439
1241
7131
3065
7966
765
2252
1318
976
5278
2002
2340
5751
2460
8620
9523
1825
9054
9575
1797
8301
3850
5580
8973
9772
4302
8625
8206
8733
1424
66
2106
8568
5726
3922
5943
4462
6317
1373
1502
1397
5353
6100
3368
9243
7201
4428
4490
148
5222
6922
5498
9596
2059
2514
4871
9852
9038
3874
2596
6503
9767
7645
6776
630
2552
7722
783
9636
266
4074
5474
3655
8994
7988
7061
7133
5502
7681
447
4337
7455
5504
1779
5480
4582
358
1266
5155
7422
3358
6703
6910
2520
13
9092
1331
1368
6949
1945
2784
1967
6069
3269
6373
4425
17
449
9320
7420
787
7704
564
4200
5309
8278
4847
9702
955
7620
1767
2019
420
287
6452
7920
1687
7750
5226
6193
9522
9074
789
2277
513
3089
4457
7178
6123
6508
9052
2160
1593
1057
7384
5988
8224
7611
2174
1474
593
3505
2196
6769
8288
6921
3652
8306
2887
9959
6804
908
3742
1481
1488
8185
8015
3168
5307
7287
3727
5248
7349
3144
9062
8687
2348
7489
1325
929
3180
4886
6848
1626
1963
3653
7517
1510
8524
566
2199
5678
9588
1670
1521
7934
3250
60
5936
1125
2310
4444
3981
9307
1290
3258
8077
8445
2397
9476
600
9995
8022
6478
2118
868
8786
3014
7184
9404
2823
7355
2786
184
4712
1083
6140
3296
7279
205
295
5558
1743
6947
4518
8124
8745
1711
5758
7192
9082
9457
4220
3098
5792
5455
6462
1060
8956
4615
7923
5116
5561
8403
7944
5516
1151
717
3957
6059
6840
6261
7932
8584
5942
6860
7141
4142
1755
223
6190
7906
8756
4127
4910
4026
3839
1655
3370
3461
6958
3414
9952
9027
5693
2246
2441
7024
4267
9866
3148
3272
6483
1479
6650
4611
7612
4961
5859
5707
4596
538
2239
8841
9190
2281
9387
3782
975
7581
508
5976
2630
854
8820
7269
6322
8360
9146
1267
5737
1262
3559
4881
7562
1358
4621
3972
1855
885
489
2195
9209
4111
3188
7802
8442
65
8402
9383
5065
227
7598
3648
5064
5358
1716
4963
5775
9231
7791
7334
6988
8345
3425
4558
7297
2327
228
5391
7569
7042
1492
7532
3925
5916
8946
3720
8692
725
4778
288
5836
1022
4049
2431
9090
3622
8753
2588
991
1338
2180
7332
803
5501
6931
7836
541
7584
1538
8734
5875
235
2627
1281
2781
8236
5030
1392
2968
4896
1043
2717
5862
7888
9063
7337
3820
9444
552
9491
8462
9436
801
1939
2317
8029
3386
8896
8314
7928
2647
430
8485
8343
9697
3109
2599
643
529
256
8468
4205
9263
5695
252
3708
9303
8623
9899
2004
9170
2007
6160
1774
8148
5730
3661
3061
9255
6672
7534
464
8176
4278
6805
2258
5573
6733
7281
1824
4969
2398
2344
7910
2477
9279
3611
4390
1727
5369
4808
8410
2379
659
3930
6896
5963
5438
3454
2025
9557
8305
578
5420
2906
7843
9831
4679
4912
4159
4020
3747
1460
4306
8106
6719
591
8190
8511
5889
9681
4244
7370
2416
8811
887
7777
2409
414
2112
6943
5725
2071
1268
2889
1101
2285
7712
3228
4086
4328
3455
9956
6731
2838
5091
753
3964
7233
5899
3346
6685
6801
3235
3678
7769
4819
6005
8155
206
1722
7043
9652
7075
4532
3921
4458
6614
5672
7078
9506
7701
2687
2290
7096
8294
8723
9083
5114
1989
3302
9378
2652
9548
7621
3500
1695
1574
5914
8727
2694
1174
4054
8761
4097
6448
4580
3843
1194
3873
988
301
6561
7582
8210
3847
862
9771
3750
7059
3780
9076
4787
1603
965
7511
2625
870
7774
5746
1302
42
2995
5067
7154
927
568
8604
4860
6420
7941
2365
9405
628
760
4217
7323
691
9606
4867
3775
492
3574
5434
3486
815
7912
9060
3993
2615
9041
5723
7619
2230
7444
9326
1705
6948
8004
3767
6441
411
7890
4620
9656
8061
6727
468
1140
7237
1146
2187
1997
244
8742
139
5088
101
8055
8597
4055
1121
9325
4624
1888
1371
3696
537
8829
1517
545
4284
3349
432
925
9389
5194
8995
2979
6816
3669
5311
9402
7198
4533
5164
2544
707
7481
3105
6332
9549
8328
6058
2512
5232
6974
4283
2931
2161
2797
1108
3616
1991
2568
8704
2975
6791
9467
2716
8510
8223
1010
8192
9067
1895
4464
9648
8976
371
6183
2190
5009
1698
478
2534
1544
6386
9157
5077
2886
6600
2468
6118
3398
2052
9425
3945
8975
4008
5562
714
3146
7354
7111
3123
9199
4577
8823
302
5953
4237
1247
2225
2861
9835
5821
5703
3603
1190
813
6599
6104
8916
493
9735
3260
2262
9379
4153
1874
5453
6424
3178
8834
8860
1843
8506
261
2032
8862
3520
9912
3298
9753
8730
5448
2601
2202
8765
3910
8555
8749
6876
1031
7927
4104
2429
6074
426
9250
5479
6821
1511
3851
3713
1690
4516
8503
9536
5416
159
8404
6877
343
689
9294
5172
1820
5964
2377
8925
9118
6991
8664
9164
1852
7529
7048
7939
6455
4652
2609
6304
9853
3357
825
4397
4977
4908
1078
4131
4784
6516
794
5272
8777
3510
836
4993
7257
282
906
8214
340
2672
333
8938
9225
603
6938
4042
8142
2249
2884
5797
9605
8449
2280
995
7940
8919
7011
7086
9941
8566
8698
7737
8859
826
1414
467
8651
534
7834
1532
1889
990
8878
2750
1560
3111
9486
1977
9755
4761
3977
7171
8470
2444
8821
1519
6372
3815
1714
8060
5162
8496
8372
7585
2010
1643
9501
7623
9906
8516
7228
1770
4632
9349
1114
7112
1230
1718
8606
8705
5071
8238
463
6241
1243
2677
7418
6638
9529
4626
4735
4976
1587
4517
6492
7902
7
1933
115
4913
1233
6179
8590
327
4514
2935
3350
138
71
8418
7433
6695
1204
551
1780
1857
6063
1941
933
9687
681
390
3290
6689
2175
3928
5432
7651
8813
2708
2859
7425
3071
1914
8855
8825
4206
2283
9877
4753
3580
9637
9493
8771
9258
9578
9384
9429
966
6076
8902
4515
3600
9918
6438
4439
9494
4564
5657
9044
7077
5165
6012
5897
7135
1050
7496
7041
2752
8019
6953
2294
1903
296
2528
7306
225
1161
1841
7038
4041
5236
8926
4807
7563
4366
2236
7590
1203
3193
9133
3468
8269
3409
6342
8382
9846
4335
1483
4322
2530
5634
8553
3948
6507
8484
3923
6485
7838
1170
5185
9166
9743
4599
1907
7238
4768
5318
1968
1540
3872
5575
2093
9072
622
5710
7252
8191
3475
1168
8493
2653
1286
546
7573
2690
6080
8132
7535
7997
4118
7556
8748
4904
3164
8970
4047
9434
7299
2456
772
1863
5649
1145
7600
4196
9826
4441
45
7797
2313
128
3407
6444
4033
9362
7484
1653
6321
9376
7430
1012
5128
8146
5912
4060
6192
1025
4014
6494
7947
644
2682
7093
8789
4331
2302
6125
5412
1760
8145
9335
7340
5259
6060
5523
7277
2882
650
6274
1583
2412
9347
780
840
834
640
3902
2245
6186
4581
6038
443
7863
397
3212
2608
4388
4039
7756
8251
8887
1707
431
5107
7094
7510
4917
2863
7809
9275
8001
5345
8457
4373
6480
1618
8967
1062
6243
7362
8775
5315
8948
3186
3576
2581
9377
6107
9896
2701
8631
7358
3552
8149
1426
1912
383
7407
2925
6391
2008
3057
6251
5468
6096
8118
5187
5759
9858
5939
9991
9659
5980
7680
9710
5592
4791
767
6564
6246
5816
211
403
2917
8222
6343
9496
5001
5994
674
117
947
1851
2338
8703
2386
8542
5924
4834
7335
5555
3087
7478
6843
5492
7282
1974
7758
7371
8760
8972
4594
5838
9797
5436
8101
6793
5411
8945
1523
9811
6970
2611
4527
6990
5960
4279
2105
7566
7057
7989
330
8812
2997
8143
8844
8848
682
938
2144
1475
824
7203
6501
305
5601
2643
3715
1023
3986
3484
9689
1904
4895
7776
2016
8196
8167
1580
8908
5833
7416
3650
8274
9049
4414
5197
9447
3382
2447
2474
4043
2293
8498
391
2626
387
4201
5180
7850
7798
2178
3050
4757
3844
8808
8499
763
4880
9193
5245
6355
6222
727
9915
2136
7856
4751
5747
5449
884
5133
4090
6578
6781
8415
6706
2922
2875
843
8012
9310
9546
6122
934
5879
6036
3177
4053
1030
5237
6899
3254
1947
2478
5344
1728
6406
1017
7200
5313
3122
2771
5753
9484
4318
6477
7049
8064
3027
4452
3598
1917
8836
3680
5925
1771
2589
1467
6889
9018
9913
4608
6491
2491
8638
1293
8654
8853
2458
9616
647
9585
1339
9971
9544
9936
1330
5255
7006
8822
1491
1235
9982
8158
1109
8981
5735
9299
2321
8438
9329
7331
9528
156
7507
6449
3725
4497
255
8545
1499
693
8157
7554
9369
3595
3557
7196
9358
4176
8092
2945
4562
1255
6752
7617
2086
7155
708
8396
9163
4625
4948
5762
1466
3797
9788
5034
3568
4636
1801
3077
3497
2347
3592
259
1683
6488
2806
3564
3155
1179
1823
4866
8049
8589
2846
821
9065
8276
3570
7037
3316
5425
3623
1549
3160
7948
9703
7931
1104
29
2427
3507
9766
2943
5565
7557
9960
2881
4817
9414
5921
6879
68
4870
1972
3942
712
4959
3604
146
9799
6114
3241
1212
8531
2183
5550
9053
4379
1629
3991
751
2165
8680
6744
3467
2265
3675
7314
583
454
5476
4736
5894
3984
5069
7447
7891
1324
2064
6936
5621
8767
3895
8340
8465
1415
9071
110
1087
9964
7626
4686
2607
3478
1906
4451
1541
8220
4840
7700
5421
473
3560
1909
7456
5774
2023
3220
6170
299
8136
7531
962
6891
4139
7066
6967
8446
679
3778
8592
5419
5677
6046
2661
6712
5900
5
6998
6901
4299
9948
6187
2213
6360
9005
2268
1969
5109
4935
5857
2482
8072
5045
7885
278
6996
2956
9587
8039
351
5095
4312
2208
2353
1782
2879
888
2686
3911
7387
5533
7943
6013
7886
656
5752
9009
5681
7965
6340
1341
1452
132
1439
6454
6864
4557
1868
4249
5409
3579
2466
8043
2
9202
9176
324
5581
178
4833
8695
425
5143
900
4648
6940
1995
9482
6852
8667
6346
77
9242
6536
5004
1657
5515
8368
2113
7502
4602
1748
3679
9113
9186
1551
2924
9256
560
9638
1315
7746
2070
2244
9246
4685
5251
9893
5357
2926
3633
6473
3726
9415
8085
2101
4703
2928
2921
3802
1799
9223
5863
8737
4588
7373
2841
6102
1405
7399
458
4524
1459
4132
741
8762
6814
3127
125
1365
2451
4400
8107
4395
50
4991
7151
4180
7348
5808
7108
3508
6164
3914
6233
4746
512
6458
3534
3514
8163
974
6250
3299
6310
4310
678
4937
9871
4076
9541
5338
6176
5551
6460
7632
7985
2027
8528
7634
1715
9244
7801
2158
6305
378
5401
9390
8656
2272
7328
4185
2336
3276
1943
2435
1162
8560
5473
993
2830
8740
554
9427
6253
2419
4906
3327
1274
290
9262
3214
8934
4164
8358
4956
5205
6133
2955
9300
344
7847
8195
3498
9649
7526
4643
8993
4862
1747
6082
6716
9036
7647
2149
3041
4943
2021
6331
4530
705
6413
1451
7643
2289
8757
4584
3955
347
4007
3086
2060
1182
3504
9101
3856
6734
5995
7482
2378
7818
3800
7576
6831
7103
5190
7493
7462
4066
6964
9932
5548
1806
1689
7849
7030
5279
8104
195
5709
8546
2232
8633
4675
9472
7721
9552
4219
6071
7118
5847
1253
1802
1232
2662
6490
842
584
8197
4600
9778
7226
6743
4952
3265
6333
1834
307
9215
4477
9873
7745
5284
6446
6547
1367
7506
3001
9537
3783
4606
3156
7703
8998
4965
9272
7921
5080
7663
5326
7368
8766
7671
4798
8755
6855
7083
756
6605
5024
3005
5864
8310
9752
3651
8505
7031
2897
5138
8243
9382
6983
5850
8311
3751
1998
2368
1735
7465
8304
4081
1808
4772
6370
935
4251
2728
9747
6617
7881
9348
7543
814
860
47
2079
6520
1207
8369
3262
1285
6411
3566
1059
8914
8189
7787
8128
2731
1237
9504
724
5407
326
1307
2024
3104
74
2018
3182
9626
7382
199
6169
3055
6347
7859
127
7027
797
1073
9840
6108
5046
8794
5757
8356
5593
1163
7897
1118
152
5447
919
1591
4752
1113
1896
4387
1546
1423
5782
2176
3419
8632
6421
5646
1320
6772
4340
4361
5944
633
7183
1317
8051
3152
1926
5270
5704
372
3728
7367
306
1576
4415
6607
6732
3485
2366
6461
189
6504
7428
3960
3854
9722
4804
6628
7166
8573
6128
6083
6371
8816
9360
5744
9341
1065
3612
8515
1699
2081
2587
8863
3987
8608
5188
4178
294
4750
8419
9492
4363
3100
3829
5157
2603
4083
6945
6514
5848
4460
6016
6882
279
339
9180
4776
4356
2465
2362
8093
5529
3392
4501
1132
3573
9725
122
2839
2320
6201
3307
490
9717
7935
8281
5656
5087
1804
4478
9309
2718
9095
2088
6307
4503
7250
5578
6298
3261
6912
5100
2051
5383
5083
4617
5974
6812
4985
6678
9874
9890
4983
7895
9334
9945
2721
5778
4057
3190
1864
800
5552
4663
5520
5733
6722
6506
6132
3094
3332
6264
2954
4796
3939
7217
7844
9531
8962
9592
6211
6471
6890
4435
3179
7946
5818
1347
3994
130
9898
7208
7054
4785
6630
3852
9026
8932
7583
5499
5984
7461
6956
2156
9332
129
9393
2323
5860
2100
7770
312
2001
2518
8076
5339
4436
429
5141
7957
7829
283
2399
2049
6266
271
5305
6937
1923
1606
5738
6041
7840
9573
8086
6146
5714
9824
1360
9789
816
2691
9727
6957
2947
4630
5958
2486
6258
179
6930
5229
4133
9628
4863
9704
2403
2291
3490
2000
2087
10
6985
8377
3903
8008
2827
1872
6751
7664
9028
4010
598
7421
6664
1185
2814
9319
4242
2437
2792
2895
4455
6904
2123
9632
8073
3905
4103
8207
3711
2847
3593
6742
7601
2339
2894
6152
4854
4837
1599
8966
5161
4120
3003
8939
6907
8291
63
3842
3918
5647
1985
76
9381
3511
3833
9888
3218
2531
6861
3688
5690
7608
4297
48
7391
4035
3701
5820
6806
5139
9017
7476
8935
625
3513
9144
4818
9087
636
5999
1746
9517
7459
4647
9958
3480
4637
9150
5494
7441
8044
8689
2410
8944
9804
828
5444
1178
6158
7574
3810
3413
5956
8469
7516
1837
4742
635
5295
6209
8411
4410
9614
8350
8960
9000
2908
2670
2099
1102
5464
6049
3020
9785
9847
8279
773
8621
7846
898
5906
8057
3554
6905
5249
3331
5132
1704
5049
8886
5904
6557
6973
4889
5427
6259
1978
5607
9555
1259
5093
4980
7530
9734
6786
3915
6153
8549
699
5954
2191
6730
1861
1813
9339
4052
855
6798
9111
3712
1208
9933
1524
2782
4448
1709
830
7741
7764
6906
6748
9228
7515
1932
6827
1400
7145
3496
2077
5919
9189
380
331
7864
943
2318
3417
7058
2560
5286
2772
2860
5606
7333
9651
9583
4885
3524
5262
5442
8428
6654
2228
1600
3731
2248
6978
846
7852
7538
498
1794
3549
5426
188
2890
848
7595
8313
1433
7795
7403
6474
4997
4405
1552
2184
5541
4430
9754
6856
94
563
2763
4848
7551
7945
515
4853
7229
5481
9216
6039
4162
5876
6591
5322
2735
6145
2354
8252
3351
802
1379
7106
83
242
7714
5684
392
2836
3551
1883
3577
6419
157
417
5458
4719
422
4534
226
1952
4383
9124
7713
3571
5682
4005
1242
2251
685
4204
861
2849
7732
6095
6289
716
7565
6969
6319
1301
4678
3637
208
711
4830
4351
313
4548
319
1887
4271
5074
8512
4062
1248
1431
3121
9141
6212
2533
9519
8112
3060
9338
2231
7260
6754
2449
5814
4174
3913
1635
4567
4235
4539
4850
547
9922
3530
3095
9507
114
7377
4290
8751
4232
6612
9142
1217
1240
9046
4031
2223
8094
9580
2404
713
6498
1445
871
3743
7599
4665
1556
5094
4471
2171
6535
9371
6216
1764
2143
8514
8013
2904
6172
4369
5171
4068
8509
5856
7858
2651
2374
5667
6523
9247
8054
5535
3451
9928
3450
3221
9937
3869
361
668
3832
9468
4950
7398
1999
240
6218
8670
338
7193
4671
9533
5202
1040
1496
3845
8490
1741
748
3565
5629
3999
5360
4507
6765
4981
6173
6403
3097
2487
5462
4138
5855
3075
8725
1579
1115
2111
3906
1353
6965
1654
4305
8387
4578
2108
4437
3125
170
4864
4488
5333
3013
9182
4634
99
2047
183
997
4762
8764
6917
1877
2037
837
7977
9540
5112
9438
4495
346
5443
6223
4386
1226
793
262
4286
5216
3683
9695
2411
246
6368
1878
8002
5078
5670
1501
5243
9867
8989
5563
9312
7648
7050
6281
2913
7919
8709
4123
7778
5933
7417
7100
3867
642
3004
4842
1441
5632
1199
1359
4946
2878
3088
5204
238
9162
6893
9808
2172
9790
4851
2513
3528
6275
7164
3671
6834
1849
6228
9200
4029
9646
1137
5823
2227
5736
9103
4940
9187
3540
4101
9191
989
3287
4670
916
5640
3091
1436
8075
774
3719
332
3949
4683
1260
9012
1761
9220
6595
5386
274
2519
5301
9270
1364
2965
1625
6312
5669
8986
7793
3420
7324
8111
9547
5745
2574
1014
2593
5327
8577
5658
9475
6837
4338
7833
8837
4480
9885
5624
8716
5978
7779
523
3710
6019
2948
1842
2173
1809
6693
4542
7231
8460
5877
4469
1712
6881
8582
7068
6017
3046
8957
2916
7376
5118
6325
4891
9452
6037
5131
572
7907
7386
553
204
9769
448
1056
2058
9055
2648
5611
2301
3831
8138
2253
2300
6302
6075
5811
6593
5110
6749
1745
1758
2714
8266
895
7627
2951
1074
4763
9943
4370
904
7309
2939
856
8388
3270
4168
7726
4504
3951
3396
6588
8434
5032
9096
7631
6586
8802
2900
9911
9770
1202
8481
9671
5845
777
2013
8928
5643
8137
3890
9817
5395
1996
9153
4589
6808
9413
28
1762
5602
3347
4348
9566
1692
3785
2899
218
7730
7504
3764
9428
3640
6725
8420
6111
5256
8768
3721
3733
2075
5179
632
9410
7761
6842
9521
1076
1738
7347
6091
7375
5583
2757
8595
6418
8556
3323
6068
3662
3632
3380
9473
7882
4569
4697
4960
696
9158
5711
5451
457
7904
932
7514
3656
9777
3518
2505
8016
1404
2443
5098
7099
2270
8245
5547
9241
5770
3456
9298
6200
9397
7114
5842
3773
9317
5477
1828
8194
5830
1011
6090
1623
6249
3591
950
462
8736
9123
8922
7718
7571
4684
5125
5819
4932
3275
5659
2304
5596
2702
2363
9050
4230
2600
5029
4673
6482
4884
5508
9173
4100
7768
3378
8982
405
7220
5793
8342
2624
8910
796
4485
3453
5316
1053
1765
84
4509
2825
8119
353
3943
6149
4187
9993
3460
1316
5625
9525
3617
2539
6909
3936
1069
1021
9787
7568
5805
3137
3795
5616
8380
2332
4099
3012
9435
2341
237
4974
2730
5303
3950
6736
7435
5907
7246
994
7063
8785
6778
5053
2188
923
7025
3917
5081
3354
6475
6738
3171
4973
2337
6221
3395
4135
1954
6824
6493
5662
4601
5010
6538
6615
2162
5511
4677
1634
6602
8846
7216
6425
7757
9859
2469
3372
5804
6135
1294
7381
2507
7460
1658
4378
2622
4923
8009
8326
3229
2989
1679
379
1920
1753
5619
8256
8381
530
7679
596
6300
6431
1661
7803
5415
4633
1880
2936
9916
2439
6338
2375
4170
7630
7893
3310
2958
9196
423
4720
3618
2776
7876
6981
2540
3737
6601
9505
5168
5489
7161
3555
2073
1529
7291
273
1430
8275
9021
3207
4664
3225
1713
7505
118
9340
5359
2952
5660
7464
6392
7426
6747
3131
5376
2987
6034
7245
5652
3410
3030
9841
3798
4998
6097
3547
7501
3691
8598
1726
1565
9458
4227
1177
9782
5410
2453
3114
4721
9035
7819
4561
8088
5519
9039
3185
2885
9031
7336
4149
7317
7990
4084
5689
7487
7446
4273
3880
9590
1055
5865
8122
5230
5789
5169
3558
6308
3533
4406
3761
8486
3863
8900
7392
7364
2942
2315
3806
7113
7855
203
9591
9921
3660
4461
2576
9728
5941
9951
3435
5626
8533
2216
4240
2575
8685
8833
738
7449
7239
1234
3352
992
7007
8517
5296
731
7346
5993
8581
1444
7197
7045
5832
6866
1323
3966
8295
4929
5482
5917
9471
3944
7214
9833
4116
1573
3
4274
3502
3670
3639
897
1677
6256
9407
7084
5399
8619
5298
3423
2182
4702
335
3303
8965
3406
1105
9675
9664
8166
4449
374
3054
2406
7894
1515
4175
4732
8909
8474
3197
7036
2110
5367
1766
2660
6271
8713
4701
8819
5822
3194
9520
9823
309
2940
9483
5208
8502
4260
6524
4179
2613
6641
5566
9832
4352
5680
4197
7697
1388
6061
3187
6709
3233
3729
2241
4433
3818
5931
2423
1332
8231
3292
4572
2384
3953
6699
3714
2132
9699
8371
3896
9040
4942
2813
6681
4710
2592
7610
2903
7072
6559
9814
6348
6552
4748
4655
9085
3256
4994
7051
2864
2420
7835
5554
6803
920
5929
4662
2009
5503
3321
6450
6203
3586
5557
250
4526
1647
7586
9129
2012
46
587
9208
5072
1507
2634
7956
776
2142
6014
3770
3916
660
6497
4803
9422
5559
7191
4901
6427
5324
6707
8532
1465
1656
9266
4547
8378
5340
7607
3983
1273
6590
5718
4264
6913
8642
8289
2305
2844
6415
5574
4493
7812
8168
4169
6119
4737
2452
6147
2700
6112
5145
9534
747
7067
7210
1186
6574
8179
6196
9980
2747
4045
3023
8681
4238
4831
9861
1002
3677
3093
4453
4872
7366
6691
3636
8538
5017
5413
5478
3926
9713
8215
2395
1750
1736
1352
6131
4555
7469
6657
7708
5955
2372
4446
6939
357
4209
2537
2066
5490
4693
6064
2773
3488
4883
2743
1867
9500
2566
4494
5844
7719
6914
2200
8596
7490
2516
1847
7022
3222
4765
6377
8067
4613
436
8405
8747
7186
4900
9421
4627
6717
1737
9368
3759
6257
5293
5668
1891
3868
2503
8856
5586
3157
1518
4945
2328
5039
5192
2234
3516
5840
8693
4198
9119
5475
7258
4699
2785
9650
2597
6826
7017
6468
450
8413
5341
4288
7345
9188
3280
7572
850
5567
8857
9597
4903
7483
1639
8603
7134
1326
7804
3300
6763
2098
5603
345
775
4259
408
9509
9563
6863
3383
7247
5743
4329
5306
808
8790
1740
8339
1533
1664
4472
5645
4783
1420
673
8752
5170
8439
3429
5452
8541
7644
5274
2862
5223
5705
6592
3113
1669
3400
9183
592
8365
9862
9207
6941
4203
3709
1821
7641
3408
9512
3961
7958
4173
8800
9863
7964
113
3204
1155
2840
6025
3676
8504
7699
191
3717
4525
574
5467
3769
8988
5375
5265
2867
5366
1976
6530
5886
1959
2679
8558
3244
5150
2713
5928
3781
5337
1882
6479
5846
3663
3542
2835
6755
2355
7289
1477
1798
3377
3449
6577
8639
9502
9979
740
7177
5903
5147
6396
88
4790
2780
6635
6862
5461
5934
4172
3609
5985
4551
3553
3135
9562
8261
8665
4967
4394
3881
4028
5620
7682
1850
8907
4781
5198
5694
6783
176
2276
2901
1450
8937
3226
6729
7400
5788
3897
6269
6946
474
1550
6512
5790
8096
5609
6244
7379
1575
2545
8889
5246
7189
293
6231
5895
435
6047
2972
5967
1068
2039
9439
6023
7782
3223
3537
376
3811
7259
6043
4505
8249
6032
2082
4032
585
1411
5152
5247
4106
4347
4535
5688
527
9315
2274
500
5728
6035
5893
7319
9635
2209
9972
3692
4213
6942
7294
4300
8583
3176
894
3042
5623
4806
5445
5584
3153
1885
2892
1422
9559
5362
3043
519
1816
4417
6408
2463
1058
9860
8005
2616
3904
4215
8302
2333
3924
7322
7301
8640
4793
1288
8151
2999
1596
7261
9406
2693
5991
5235
5749
9796
1157
6056
185
5719
1093
451
4222
3681
4709
1702
1284
1036
2877
5441
5834
4256
892
8868
120
5982
6379
4979
5867
6597
456
5970
9901
9441
3509
8940
6867
6079
7156
953
8843
6883
7709
5948
4489
3326
4598
6674
6788
2287
4682
4362
25
5930
7010
1522
2769
8738
5250
3724
5679
6935
5406
8674
7199
69
303
8954
2831
263
7533
5909
5167
5135
7694
4694
9399
224
6550
8770
2286
8074
4773
7213
1086
6278
4741
4827
1257
8346
7325
5207
6688
2387
5786
2214
5983
6563
8267
5370
2045
3499
4018
21
1604
2994
4001
4408
7415
6582
9149
2206
3998
9131
5374
1859
7839
3627
7256
4285
8870
494
5051
3476
104
1614
7411
9973
5932
6306
7499
3248
4000
6556
3546
9047
4861
1913
4738
4722
4812
9613
5957
4984
7320
4129
399
2580
2974
3076
7004
3538
5257
8115
7707
5394
7480
1032
1964
6309
3792
1328
3324
1334
2361
6609
6350
5882
6356
8389
5470
5075
8840
5922
7395
1387
2152
6829
7190
2739
4037
3978
4631
4653
2591
1066
6057
4713
4646
4531
8227
7873
9992
5031
8262
2855
7654
3657
2462
5120
4560
638
7089
3755
7450
1298
2298
5428
6265
6521
5720
9411
5962
7670
5175
406
1927
6137
4368
6030
3311
2394
8165
5365
2558
2635
9284
4936
9642
1990
8547
7005
7107
8746
109
3161
3191
1498
2185
2990
8482
8100
1537
4098
5608
364
4537
2103
6573
4151
4296
9417
5700
2092
8394
8038
7304
4157
5127
2709
6645
6426
8320
4114
4658
6011
2749
5961
3693
5545
8920
5325
9470
5149
7406
5885
1542
7744
6705
2793
2656
6682
4442
4609
6353
9093
121
6927
1192
8047
4393
6397
7816
7559
5826
3040
5675
6086
6802
1873
3482
2455
4229
5972
1602
2579
3465
5068
7705
9774
8052
9801
4869
7974
1595
7330
3201
7963
1571
1935
6316
4181
6871
4265
6282
4506
3765
627
7638
1768
3343
5343
6467
5140
1046
9154
7824
4695
2510
9165
7577
5701
657
4025
1860
2483
4346
5390
7561
4905
257
1144
5217
8359
6683
1777
7410
9561
5126
5287
3826
3141
675
9030
8570
4610
8335
9850
8884
1898
521
6610
5510
2335
8079
7828
5174
4838
6878
6787
3044
3348
6568
7168
5061
9478
7646
8035
3562
6741
1077
5965
3271
3894
1123
64
5342
7734
4944
4191
5570
8650
3840
7765
1493
2764
2876
3624
4825
4920
7970
5389
3150
2405
5025
8174
2902
5987
9709
1261
434
882
6640
3462
544
4019
1684
8336
3536
8627
6886
3103
277
7983
4698
2215
2905
4925
5227
7012
1992
6580
8858
4705
8063
5951
9195
2523
7055
196
3893
9627
2789
5211
2031
78
5888
144
6182
2254
4666
1584
5556
1399
236
9351
2746
3837
4877
5435
2457
8707
3415
6671
2221
8348
4291
3232
2549
7976
1372
34
2799
7874
6737
479
6081
3142
5512
4777
6299
2415
5267
7179
2970
9198
4953
7544
3694
4902
4782
7868
1390
6295
2871
4208
9726
3884
6960
6971
9048
7266
5777
8432
4928
8527
6543
233
4649
9655
2461
7046
6495
4568
2069
3658
6980
2532
2636
8673
439
2500
4438
4730
8187
7211
5429
4411
4962
4002
3814
4326
2026
6548
4585
9350
7659
8422
6020
8480
4915
6944
2973
6412
4124
3073
1749
942
865
2938
6268
7001
5901
4922
3379
8717
2779
983
2102
6847
5290
4836
5349
9419
3102
6109
7140
5219
2508
7298
8861
3249
58
6560
6872
5644
5486
8216
5527
415
2891
2962
1167
4193
5048
1480
8162
3483
1340
3879
1469
3667
3198
7519
8383
1686
9401
7862
7984
9337
1275
4143
8759
6875
9854
1706
7650
6616
7660
3585
9008
2815
3630
7547
7085
7172
9001
9110
6053
3230
1667
5396
5794
3757
1881
6422
5802
3687
4404
180
5177
3615
5487
6400
3119
6094
1152
6051
7825
1375
2311
4154
3319
7215
4167
2612
5352
5146
6405
4158
2011
2535
5405
2116
7276
548
2991
7475
3898
3314
6598
6189
9828
8663
728
5268
2038
9737
6818
6900
3567
6252
2857
3703
5687
171
6293
2479
5950
2130
8817
5101
5280
9321
1380
6677
839
7605
1018
2618
567
7251
945
1934
9569
9042
267
9558
5783
5076
1846
6472
6336
4645
6764
7419
5727
8447
7739
9987
3278
9480
9374
3264
9696
8539
3946
3126
1875
6975
6294
5225
1946
9328
5206
5868
9283
3015
7019
7951
119
4289
6639
9700
6708
8780
7814
4739
3937
7685
7917
7628
3304
6238
5070
5835
2390
9674
5282
1052
6838
951
998
3892
9718
5260
3106
4195
968
9014
1453
4413
2803
9819
3092
8283
7555
3169
4579
754
2072
6334
531
3211
6428
6686
7458
9620
1489
9403
1246
4044
8641
8264
4644
2880
2536
8807
2279
7284
7521
987
4828
4407
1965
7540
8478
5686
680
5059
5800
6440
8065
2543
6237
8082
7523
8033
6888
6088
6202
3313
535
6770
5898
5137
315
2737
2553
2524
1597
9380
6966
6000
6029
8839
4811
5740
2065
8715
4156
3631
2446
9094
3672
3011
7265
5240
4875
1792
4674
3246
6204
8017
2824
3306
1495
3394
2193
9136
5283
7109
1084
325
1956
7799
3668
9673
5971
5887
8150
9297
5651
5526
5073
9276
5633
5600
931
2663
4914
5195
3787
8537
8259
670
2028
7440
3473
3428
5803
1449
2488
7474
4089
3938
1845
1505
594
6583
833
6416
3846
3876
1723
1578
6718
5517
8042
957
6451
9423
8828
7013
3312
9508
4595
2413
9257
4792
1218
6126
4887
471
2796
3857
9137
7044
3515
3133
1929
6994
4280
9844
4107
8612
5884
5096
6155
6785
4426
3277
2774
3236
8175
654
1398
949
1663
2489
7393
7503
6001
2930
6168
2120
7125
9892
8393
5683
3373
5203
3471
221
7552
6511
6830
5518
1447
2834
3427
5099
1382
6382
1731
4315
7942
6782
6055
377
3597
2964
3132
1251
4731
6165
1147
7993
676
5241
5604
6692
5372
5350
5630
4211
6997
9634
8282
3606
2790
6629
4706
5281
4907
9064
7790
298
3889
7604
8200
9121
7212
3118
872
8611
2257
2057
2669
7132
2169
2421
9784
5871
1619
6815
7550
9274
6219
5809
1866
8526
3183
883
6384
6290
6745
5085
8554
7385
6623
1158
1223
169
73
6668
4202
7668
7702
8205
1987
8219
5062
3255
7408
2837
8298
8050
944
7759
2198
1520
5483
1410
5209
6898
6832
7182
6885
9907
9584
8133
1742
9236
499
4496
2742
9388
4513
6720
6130
3366
3325
4248
6121
1044
4459
4726
8700
482
6679
9135
2548
2068
6430
4226
1983
4744
1734
5020
3969
5465
9061
2385
3447
3529
7676
5959
1678
6376
2869
4233
0
